836688
1085817
8421940
10102165
10822950
13767170
14137301
14546275
15014904
16952788
17559847
20763776
28762686
30948463
32396659
34294542
36030476
36135022
37116293
37125301
40616319
40978503
45886155
51295363
52048503
56060980
58633399
59094022
59265626
59382956
61889945
64023176
64476980
67029004
67898004
68015476
69358234
70244132
70337598
72404911
73856602
74956991
76829349
78399328
79140812
81556542
83759672
88640481
90056079
90593154
90651144
91100022
92908190
95083358
98638937
101228189
101232813
101873905
102784177
105608058
105944670
108176790
109594441
110046742
110931490
111285294
123203911
123992820
124392753
125583515
125804448
128214459
128532970
129613495
129697668
131542197
131826637
132352703
138147103
140934299
141710786
143250064
145555091
151029872
159791581
160421999
160918805
161573903
162964476
163352730
163494630
165587806
167085332
167253915
167388749
169611355
169674391
171642926
171707191
172537923
173886641
177902700
181129751
184987449
185698412
188599620
188743979
189415825
190466006
193317080
193707806
198212803
200603110
201815316
203776363
206815727
207278831
209021801
212725510
215701566
215723168
215823834
223246585
223846320
224365358
224551089
227018001
228426467
234238817
235509532
236882426
237277935
238231582
238894806
241103651
241110269
242918619
243199633
243338328
243782673
249364323
251320192
252262685
253028089
253814049
255197010
262097311
264031181
268675112
270629066
271534712
272405103
272465133
275628495
277655567
277851181
279379070
279626107
282802636
291393963
294874465
295922477
302276736
305454729
310091719
312885891
312999760
314164520
316888157
318329944
324540398
325324230
325794665
334215789
339642301
345059296
355770102
360067157
365096471
370678267
371394149
374204458
378015659
378527510
378994125
381792840
383051204
389299834
389857280
390391092
391355044
394327441
394654471
394784530
397442376
398896850
403739972
405171248
408386151
413012719
419011255
419477929
421007249
421276714
425482046
426579569
427028102
431779772
434526172
437011132
437090148
438082615
442646316
443185535
444786975
445335336
445392858
446291744
451558868
451851848
455035335
455911345
455990786
456879982
457738987
458465494
469081167
470669034
470687715
471663634
474133999
475064835
477294805
478696911
480368461
482127715
484666908
485822693
487685016
488049210
491351663
493905627
496372689
497693384
499771034
502936346
506076734
506724621
510890402
512389054
513104936
517121944
524429888
525011073
528640398
529027713
535774430
536105463
538243945
538795406
542485479
543636042
546717905
550423550
553126771
554030155
555056087
555645718
556266826
557033462
561338860
564786639
571671012
572006857
572732827
573775354
575326086
584643256
586825271
587971423
588964907
589141853
590155765
591918848
592886636
593457872
601799733
602495672
606145598
606841908
610048649
610356259
611683713
612529277
614864941
615414743
616804226
617913860
618993815
619203450
619631161
620105653
627306880
628793807
632775899
633021877
633210820
635223935
635599376
635630570
635892177
636784804
636859039
640401955
649133620
652925566
653354378
655012133
658623944
661951429
662502731
663583162
663664132
667803466
671875121
671922653
674059088
674088644
676536977
676908873
678945721
683767599
685372828
690863901
693023116
693331886
693814071
696360971
699128289
699915354
700373464
700421057
703276983
707327201
709038946
709757482
710138548
710698807
711610148
715416041
719371451
721345555
725263073
725777177
727421070
727793391
733856143
737411607
738039743
746354630
753213356
755230467
756425763
760832751
762919690
763877280
764741911
767791026
773339591
774619389
777890975
779469573
779607860
779742298
781429503
782853543
783891290
785707081
788636005
788656656
789005743
790506630
793510739
795390957
798649425
799226120
800065534
803617363
805072959
806183382
811626025
814340571
816306865
816535797
821189961
822234121
828090538
832505792
833488586
834837193
840681969
845085949
854960741
856101404
858801814
859492658
861893904
862134613
862442708
862837070
862986123
863849469
864042395
866867050
869230260
869901391
879545072
879787037
880751120
882339487
882503890
883749900
884958733
889271876
889490557
892440100
894585603
894738928
895988542
896271060
899056627
902298050
906161586
908802859
915454632
921031703
922962906
923221754
932417922
932876571
934298816
938873943
940518902
952522089
953772654
956616386
959168837
966581839
979043677
981954837
984267647
984641683
984727632
988585302
992876050
994917061
995090597
995344525
998023657
1007119202
1007718068
1012257613
1012883532
1013483378
1014656402
1014827534
1016041282
1019529270
1020259106
1021928157
1022006485
1024460170
1025493990
1026338853
1027021927
1027584539
1027629256
1027718355
1036250553
1036342413
1036943061
1038403029
1039161178
1039496907
1039719711
1040052492
1044810429
1045036281
1046553398
1046623903
1048717662
1050306263
1051676681
1057046594
1057279558
1057406613
1059487494
1060031032
1064522733
1069755574
1071592869
1073825205
1074738398
1081615847
1082297429
1083808428
1084495910
1085197027
1098128702
1100103813
1101923019
1102001875
1102363623
1104369236
1105172111
1105244027
1106788517
1110452283
1110516870
1110607607
1110895875
1112799795
1113074228
1116153661
1116542889
1117094664
1117244623
1117539593
1117752350
1119253898
1119581240
1119660364
1120297960
1120721510
1121592037
1122760436
1127617922
1128046508
1128059060
1130368630
1134170173
1139216055
1142551119
1145524366
1150796005
1151068505
1151665433
1161200561
1173467881
1174052863
1174861730
1175485893
1175530809
1177388240
1183130869
1184571184
1185830483
1186432891
1187668040
1188726148
1189759316
1196023647
1199555410
1200919259
1202671882
1202863449
1205177375
1205273353
1206602134
1211192402
1215376433
1216587201
1217904715
1220120215
1220369304
1221239904
1223239563
1223266423
1225149859
1225704881
1225899502
1227284316
1232002043
1233888927
1233971342
1237350977
1243986085
1251983721
1252299989
1253279473
1253402744
1256982392
1262060068
1265008234
1266633711
1267516960
1270501440
1275293905
1276951218
1277292767
1279619915
1279725265
1279794660
1279963703
1280505530
1281320413
1281812694
1283685986
1286516736
1289632587
1290642704
1291068642
1296480960
1296583364
1297310738
1301809462
1308649009
1309201851
1313633204
1314119259
1314839398
1315531062
1315968521
1318264980
1325091899
1327722940
1328236464
1328668353
1335830962
1336976660
1339782903
1340183872
1347238980
1347899045
1349484548
1350605853
1351942751
1351991167
1353042586
1353299031
1356152840
1359376377
1361292293
1364496436
1365682841
1366228030
1366912789
1371838007
1372057959
1372628971
1373684980
1378579849
1379354489
1379826566
1382461765
1388271411
1389510908
1389894169
1392112756
1392221103
1392605708
1396501678
1397953527
1399116276
1405424219
1409097932
1410230093
1413071914
1415791799
1415827644
1418000089
1418595125
1420629821
1422613293
1423263504
1426733321
1427898987
1431896278
1432445993
1433297720
1439606097
1439884520
1443189819
1444200762
1447534718
1448232828
1450114739
1460773621
1462244528
1462450354
1468581034
1469226578
1469567815
1471104550
1472782993
1473495546
1473669299
1474620037
1476502942
1477272917
1477568594
1477795629
1480557792
1482320846
1483009151
1483740066
1484194582
1490553441
1490954850
1493591791
1493688820
1502632444
1503629274
1506234927
1509256221
1509540484
1510982550
1512062359
1512215508
1514818222
1518063267
1519025332
1519358571
1519396710
1519420726
1519923369
1520296501
1520755553
1525602323
1525950719
1531524119
1532955655
1533943938
1534284735
1535164917
1543020477
1544711383
1546087052
1550051580
1553552817
1555090141
1555984783
1559538275
1561586825
1562603354
1564004179
1567449214
1568313652
1569660718
1570314094
1571481327
1571671317
1574528557
1575659847
1575749178
1575937696
1577067908
1578100114
1579556656
1581052082
1583193035
1585774391
1587230605
1587926502
1589911615
1591272926
1591378622
1598332729
1599319009
1600221388
1600320666
1608494178
1613723541
1613785655
1614488558
1616271798
1616528910
1617392674
1617657042
1618858591
1620770751
1622175264
1623825706
1624001380
1626393088
1627858953
1634091692
1634733260
1635375303
1635569948
1635997461
1636153554
1640317709
1640837707
1646559902
1647960958
1648925569
1651652337
1651874367
1651961932
1652446465
1652719119
1660115931
1663232475
1669654752
1672918979
1675871086
1676956903
1677491041
1679451108
1681081149
1681895320
1682326232
1686674641
1686923127
1691632927
1692652258
1696248508
1699985889
1701870185
1702194572
1710010157
1714073196
1716004433
1719082233
1721438923
1726073605
1727809555
1730406579
1735347908
1735412009
1736627981
1740641975
1742848688
1743326445
1746702284
1750823358
1753420004
1760208245
1760851096
1767571567
1773473096
1776944366
1777160090
1778309982
1779526821
1783701034
1784101512
1784836027
1788919554
1790238168
1791566699
1792447226
1795010497
1796527599
1796761291
1799042362
1803626387
1804422883
1805150879
1807493713
1808822733
1810083804
1812827307
1813298737
1816215362
1817517088
1818921763
1820141844
1820793006
1825489938
1826770496
1828281450
1828395174
1828656558
1834491194
1836158948
1836413609
1838497339
1838985292
1843967917
1844511904
1846689437
1848962330
1849523062
1851937587
1853698481
1857184998
1858019485
1858683675
1858935207
1859631780
1863264589
1864843996
1865871086
1869617143
1869895485
1870827134
1873961691
1875772066
1882561552
1883705983
1884542671
1885075888
1887636583
1889935992
1893292266
1893625686
1901307987
1903217995
1903981251
1906388356
1910088753
1910585694
1912264739
1913973892
1915785223
1919652802
1920432882
1922384328
1924351247
1924464751
1928530881
1929854788
1931729141
1936735947
1939685087
1940011356
1940463773
1942835423
1946016198
1946409930
1952862306
1953165777
1955797199
1958857984
1961279373
1963974511
1975466397
1979948932
1983103367
1984117105
1986048321
1989413332
1991345410
1992151188
1992708809
2006514654
2018421628
2021691469
2032302373
2035722091
2037343702
2040105769
2041535272
2041589672
2043372999
2043490698
2046736153
2049793846
2050315028
2056692794
2058597852
2065723698
2066098485
2070293124
2072574772
2073700342
2075094997
2077148343
2079100482
2079969839
2080876954
2082181793
2083139253
2083823528
2089930453
2092546947
2093334382
2093788715
2093988218
2094084713
2094154116
2099268390
2102467021
2103771925
2104715015
2107637145
2110441074
2116640364
2119443978
2121100877
2127991640
2129832480
2131400340
2132782640
2133324589
2140624922
2142203475
2143819882
